0 184 105 261 14 9 0.5 
1 142 53 245 9 15 0.5 
2 174 68 195 12 11 0.5 
3 159 59 152 12 10 0.5 
4 169 97 243 15 10 0.5 
5 165 56 122 12 14 0.5 
6 177 102 136 8 15 0.5 
7 131 71 196 9 10 0.5 
8 193 100 263 14 10 0.5 
9 174 91 172 19 12 0.5 
10 149 90 102 17 8 0.5 
11 186 69 122 8 9 0.5 
12 143 54 157 14 11 0.5 
13 147 46 164 14 11 0.5 
14 190 109 168 10 13 0.5 
15 130 91 221 12 8 0.5 
16 148 104 234 18 12 0.5 
17 148 88 188 16 8 0.5 
18 148 93 238 10 15 0.5 
19 192 101 247 12 8 0.5 
20 198 73 218 15 8 0.5 
21 178 84 209 14 14 0.5 
22 142 86 108 15 12 0.5 
23 162 62 185 19 13 0.5 
24 198 118 298 15 9 0.5 
25 161 119 201 13 10 0.5 
26 151 116 275 16 10 0.5 
27 184 91 207 11 15 0.5 
28 173 59 234 10 13 0.5 
29 175 53 183 7 15 0.5 
30 150 107 162 8 8 0.5 
31 149 81 195 11 13 0.5 
32 131 92 263 14 14 0.5 
33 150 63 276 15 10 0.5 
34 151 96 237 18 9 0.5 
35 198 47 280 10 13 0.5 
36 131 79 279 9 8 0.5 
37 131 61 247 17 15 0.5 
38 155 49 254 7 10 0.5 
39 198 89 225 7 10 0.5 
40 162 93 198 7 14 0.5 
41 152 63 199 7 13 0.5 
42 160 87 226 13 13 0.5 
43 149 49 147 8 12 0.5 
44 177 50 233 11 13 0.5 
45 134 102 240 14 15 0.5 
46 167 62 159 15 14 0.5 
47 182 61 144 12 14 0.5 
48 180 88 256 14 13 0.5 
49 178 85 228 11 12 0.5 
50 159 106 197 19 14 0.5 
51 132 53 237 18 11 0.5 
52 157 49 256 17 13 0.5 
53 164 54 244 19 9 0.5 
54 169 109 250 14 13 0.5 
55 196 52 134 10 9 0.5 
56 161 64 208 13 14 0.5 
57 135 59 279 14 13 0.5 
58 143 93 170 11 13 0.5 
59 141 72 255 15 11 0.5 
60 143 92 253 8 10 0.5 
61 141 119 209 8 13 0.5 
62 168 57 150 11 13 0.5 
63 193 63 237 15 9 0.5 
64 167 100 161 12 14 0.5 
65 165 45 191 17 9 0.5 
66 185 90 267 11 10 0.5 
67 198 62 190 19 11 0.5 
68 188 95 209 13 13 0.5 
69 151 116 257 16 14 0.5 
70 181 92 206 16 12 0.5 
71 149 116 143 7 13 0.5 
72 190 96 151 12 15 0.5 
73 150 79 120 16 13 0.5 
74 170 105 118 12 15 0.5 
75 175 95 132 15 12 0.5 
76 154 115 172 17 9 0.5 
77 195 58 258 16 11 0.5 
78 165 48 242 19 9 0.5 
79 164 106 252 11 10 0.5 
80 137 71 113 19 14 0.5 
81 153 98 156 13 9 0.5 
82 172 94 221 9 12 0.5 
83 143 85 134 19 13 0.5 
84 145 97 183 17 13 0.5 
85 191 83 127 18 14 0.5 
86 131 96 278 13 11 0.5 
87 140 75 190 18 14 0.5 
88 161 116 174 9 12 0.5 
89 173 115 270 7 11 0.5 
90 132 117 236 12 9 0.5 
91 155 54 260 17 8 0.5 
92 163 93 218 13 14 0.5 
93 199 67 126 19 8 0.5 
94 190 70 282 7 8 0.5 
95 189 68 270 10 15 0.5 
96 162 85 276 15 9 0.5 
97 163 64 262 16 13 0.5 
98 174 101 206 10 15 0.5 
99 196 116 203 15 11 0.5 
